 StartTime,   EndTime,  Cpu 0,  Cpu 1,  Cpu 2,  Cpu 3,  Cpu 4,  Cpu 5,  Cpu 6,  Cpu 7,  Cpu 8,  Cpu 9,  Cpu 10,  Cpu 11,  Cpu 12,  Cpu 13,  Cpu 14,  Cpu 15
         0,   1000000,  96.33,  97.07,  96.33,  99.06,  99.72,  98.17,  99.73,  99.16,  98.41,  99.06,  97.07,  99.06,  96.32,  96.31,  96.32,  99.73
   1000000,   2000000, 100.00, 100.00, 100.00, 100.00, 100.00, 100.00, 100.00, 100.00, 100.00, 100.00, 100.00, 100.00, 100.00, 100.00, 100.00, 100.00
   2000000,   3000000, 100.00, 100.00, 100.00, 100.00, 100.00, 100.00, 100.00, 100.00, 100.00, 100.00, 100.00, 100.00, 100.00, 100.00, 100.00, 100.00
   3000000,   4000000, 100.00, 100.00, 100.00, 100.00, 100.00, 100.00, 100.00, 100.00, 100.00, 100.00, 100.00, 100.00, 100.00, 100.00, 100.00, 100.00
   4000000,   5000000, 100.00, 100.00, 100.00, 100.00, 100.00, 100.00, 100.00, 100.00, 100.00, 100.00, 100.00, 100.00, 100.00, 100.00, 100.00, 100.00
   5000000,   6000000, 100.00, 100.00, 100.00, 100.00, 100.00, 100.00, 100.00, 100.00, 100.00, 100.00, 100.00, 100.00, 100.00, 100.00, 100.00, 100.00
   6000000,   7000000, 100.00, 100.00, 100.00, 100.00, 100.00, 100.00, 100.00, 100.00, 100.00, 100.00, 100.00, 100.00, 100.00, 100.00, 100.00, 100.00
   7000000,   8000000, 100.00, 100.00, 100.00, 100.00, 100.00, 100.00, 100.00, 100.00, 100.00, 100.00, 100.00, 100.00, 100.00, 100.00, 100.00, 100.00
   8000000,   9000000, 100.00, 100.00, 100.00, 100.00, 100.00, 100.00, 100.00, 100.00, 100.00, 100.00, 100.00, 100.00, 100.00, 100.00, 100.00, 100.00
   9000000,  10000000, 100.00, 100.00, 100.00, 100.00, 100.00, 100.00, 100.00, 100.00, 100.00, 100.00, 100.00, 100.00, 100.00, 100.00, 100.00, 100.00
  10000000,  11000000, 100.00, 100.00, 100.00, 100.00, 100.00, 100.00, 100.00, 100.00, 100.00, 100.00, 100.00, 100.00, 100.00, 100.00, 100.00, 100.00
  11000000,  12000000, 100.00, 100.00, 100.00, 100.00, 100.00, 100.00, 100.00, 100.00, 100.00, 100.00, 100.00, 100.00, 100.00, 100.00, 100.00, 100.00
  12000000,  13000000, 100.00, 100.00, 100.00, 100.00, 100.00, 100.00, 100.00, 100.00, 100.00, 100.00, 100.00, 100.00, 100.00, 100.00, 100.00, 100.00
  13000000,  14000000, 100.00, 100.00, 100.00, 100.00, 100.00, 100.00, 100.00, 100.00, 100.00, 100.00, 100.00, 100.00, 100.00, 100.00, 100.00, 100.00
  14000000,  15000000, 100.00, 100.00, 100.00, 100.00, 100.00, 100.00, 100.00, 100.00, 100.00, 100.00, 100.00, 100.00, 100.00, 100.00, 100.00, 100.00
  15000000,  16000000, 100.00, 100.00, 100.00, 100.00, 100.00, 100.00, 100.00, 100.00, 100.00, 100.00, 100.00, 100.00, 100.00, 100.00, 100.00, 100.00
  16000000,  17000000, 100.00, 100.00, 100.00, 100.00, 100.00, 100.00, 100.00, 100.00, 100.00, 100.00, 100.00, 100.00, 100.00, 100.00, 100.00, 100.00
  17000000,  18000000, 100.00, 100.00, 100.00, 100.00, 100.00, 100.00, 100.00, 100.00, 100.00, 100.00, 100.00, 100.00, 100.00, 100.00, 100.00, 100.00
  18000000,  19000000, 100.00, 100.00, 100.00, 100.00, 100.00, 100.00, 100.00, 100.00, 100.00, 100.00, 100.00, 100.00, 100.00, 100.00, 100.00, 100.00
  19000000,  20000000, 100.00, 100.00, 100.00, 100.00, 100.00, 100.00, 100.00, 100.00, 100.00, 100.00, 100.00, 100.00, 100.00, 100.00, 100.00, 100.00
  20000000,  21000000, 100.00, 100.00, 100.00, 100.00, 100.00, 100.00, 100.00, 100.00, 100.00, 100.00, 100.00, 100.00, 100.00, 100.00, 100.00, 100.00
  21000000,  22000000, 100.00, 100.00, 100.00, 100.00, 100.00, 100.00, 100.00, 100.00, 100.00, 100.00, 100.00, 100.00, 100.00, 100.00, 100.00, 100.00
  22000000,  23000000, 100.00, 100.00, 100.00, 100.00, 100.00, 100.00, 100.00, 100.00, 100.00, 100.00, 100.00, 100.00, 100.00, 100.00, 100.00, 100.00
  23000000,  24000000, 100.00, 100.00, 100.00, 100.00, 100.00, 100.00, 100.00, 100.00, 100.00, 100.00, 100.00, 100.00, 100.00, 100.00, 100.00, 100.00
  24000000,  25000000, 100.00, 100.00, 100.00, 100.00, 100.00, 100.00, 100.00, 100.00, 100.00, 100.00, 100.00, 100.00, 100.00, 100.00, 100.00, 100.00
  25000000,  26000000, 100.00, 100.00, 100.00, 100.00, 100.00, 100.00, 100.00, 100.00, 100.00, 100.00, 100.00, 100.00, 100.00, 100.00, 100.00, 100.00
  26000000,  27000000, 100.00, 100.00, 100.00, 100.00, 100.00, 100.00, 100.00, 100.00, 100.00, 100.00, 100.00, 100.00, 100.00, 100.00, 100.00, 100.00
  27000000,  28000000, 100.00, 100.00, 100.00, 100.00, 100.00, 100.00, 100.00, 100.00, 100.00, 100.00, 100.00, 100.00, 100.00, 100.00, 100.00, 100.00
  28000000,  29000000, 100.00, 100.00, 100.00, 100.00, 100.00, 100.00, 100.00, 100.00, 100.00, 100.00, 100.00, 100.00, 100.00, 100.00, 100.00, 100.00
  29000000,  30000000, 100.00, 100.00, 100.00, 100.00, 100.00, 100.00, 100.00, 100.00, 100.00, 100.00, 100.00, 100.00, 100.00, 100.00, 100.00, 100.00
  30000000,  31000000, 100.00, 100.00, 100.00, 100.00, 100.00, 100.00, 100.00, 100.00, 100.00, 100.00, 100.00, 100.00, 100.00, 100.00, 100.00, 100.00
  31000000,  32000000, 100.00, 100.00, 100.00, 100.00, 100.00, 100.00, 100.00, 100.00, 100.00, 100.00, 100.00, 100.00, 100.00, 100.00, 100.00, 100.00
  32000000,  33000000, 100.00, 100.00, 100.00, 100.00, 100.00, 100.00, 100.00, 100.00, 100.00, 100.00, 100.00, 100.00, 100.00, 100.00, 100.00, 100.00
  33000000,  34000000, 100.00, 100.00, 100.00, 100.00, 100.00, 100.00, 100.00, 100.00, 100.00, 100.00, 100.00, 100.00, 100.00, 100.00, 100.00, 100.00
  34000000,  35000000, 100.00, 100.00, 100.00, 100.00, 100.00, 100.00, 100.00, 100.00, 100.00, 100.00, 100.00, 100.00, 100.00, 100.00, 100.00, 100.00
  35000000,  36000000, 100.00, 100.00, 100.00, 100.00, 100.00, 100.00, 100.00, 100.00, 100.00, 100.00, 100.00, 100.00, 100.00, 100.00, 100.00, 100.00
  36000000,  37000000, 100.00, 100.00, 100.00, 100.00, 100.00, 100.00, 100.00, 100.00, 100.00, 100.00, 100.00, 100.00, 100.00, 100.00, 100.00, 100.00
  37000000,  38000000, 100.00, 100.00, 100.00, 100.00, 100.00, 100.00, 100.00, 100.00, 100.00, 100.00, 100.00, 100.00, 100.00, 100.00, 100.00, 100.00
  38000000,  39000000, 100.00, 100.00, 100.00, 100.00, 100.00, 100.00, 100.00, 100.00, 100.00, 100.00, 100.00, 100.00, 100.00, 100.00, 100.00, 100.00
  39000000,  40000000, 100.00, 100.00, 100.00, 100.00, 100.00, 100.00, 100.00, 100.00, 100.00, 100.00, 100.00, 100.00, 100.00, 100.00, 100.00, 100.00
  40000000,  41000000, 100.00, 100.00, 100.00, 100.00, 100.00, 100.00, 100.00, 100.00, 100.00, 100.00, 100.00, 100.00, 100.00, 100.00, 100.00, 100.00
  41000000,  42000000, 100.00, 100.00, 100.00, 100.00, 100.00, 100.00, 100.00, 100.00, 100.00, 100.00, 100.00, 100.00, 100.00, 100.00, 100.00, 100.00
  42000000,  43000000, 100.00, 100.00, 100.00, 100.00, 100.00, 100.00, 100.00, 100.00, 100.00, 100.00, 100.00, 100.00, 100.00, 100.00, 100.00, 100.00
  43000000,  44000000, 100.00, 100.00, 100.00, 100.00, 100.00, 100.00, 100.00, 100.00, 100.00, 100.00, 100.00, 100.00, 100.00, 100.00, 100.00, 100.00
  44000000,  45000000, 100.00, 100.00, 100.00, 100.00, 100.00, 100.00, 100.00, 100.00, 100.00, 100.00, 100.00, 100.00, 100.00, 100.00, 100.00, 100.00
  45000000,  46000000, 100.00, 100.00, 100.00, 100.00, 100.00, 100.00, 100.00, 100.00, 100.00, 100.00, 100.00, 100.00, 100.00, 100.00, 100.00, 100.00
  46000000,  47000000, 100.00, 100.00, 100.00, 100.00, 100.00, 100.00, 100.00, 100.00, 100.00, 100.00, 100.00, 100.00, 100.00, 100.00, 100.00, 100.00
  47000000,  48000000, 100.00, 100.00, 100.00, 100.00, 100.00, 100.00, 100.00, 100.00, 100.00, 100.00, 100.00, 100.00, 100.00, 100.00, 100.00, 100.00
  48000000,  49000000, 100.00, 100.00, 100.00, 100.00, 100.00, 100.00, 100.00, 100.00, 100.00, 100.00, 100.00, 100.00, 100.00, 100.00, 100.00, 100.00
  49000000,  50000000, 100.00, 100.00, 100.00, 100.00, 100.00, 100.00, 100.00, 100.00, 100.00, 100.00, 100.00, 100.00, 100.00, 100.00, 100.00, 100.00
  50000000,  51000000, 100.00, 100.00, 100.00, 100.00, 100.00, 100.00, 100.00, 100.00, 100.00, 100.00, 100.00, 100.00, 100.00, 100.00, 100.00, 100.00
  51000000,  52000000, 100.00, 100.00, 100.00, 100.00, 100.00, 100.00, 100.00, 100.00, 100.00, 100.00, 100.00, 100.00, 100.00, 100.00, 100.00, 100.00
  52000000,  53000000, 100.00, 100.00, 100.00, 100.00, 100.00, 100.00, 100.00, 100.00, 100.00, 100.00, 100.00, 100.00, 100.00, 100.00, 100.00, 100.00
  53000000,  54000000, 100.00, 100.00, 100.00, 100.00, 100.00, 100.00, 100.00, 100.00, 100.00, 100.00, 100.00, 100.00, 100.00, 100.00, 100.00, 100.00
  54000000,  55000000, 100.00, 100.00, 100.00, 100.00, 100.00, 100.00, 100.00, 100.00, 100.00, 100.00, 100.00, 100.00, 100.00, 100.00, 100.00, 100.00
  55000000,  56000000, 100.00, 100.00, 100.00, 100.00, 100.00, 100.00, 100.00, 100.00, 100.00, 100.00, 100.00, 100.00, 100.00, 100.00, 100.00, 100.00
  56000000,  57000000, 100.00, 100.00, 100.00, 100.00, 100.00, 100.00, 100.00, 100.00, 100.00, 100.00, 100.00, 100.00, 100.00, 100.00, 100.00, 100.00
  57000000,  58000000, 100.00, 100.00, 100.00, 100.00, 100.00, 100.00, 100.00, 100.00, 100.00, 100.00, 100.00, 100.00, 100.00, 100.00, 100.00, 100.00
  58000000,  59000000, 100.00, 100.00, 100.00, 100.00, 100.00, 100.00, 100.00, 100.00, 100.00, 100.00, 100.00, 100.00, 100.00, 100.00, 100.00, 100.00
  59000000,  60000000, 100.00, 100.00, 100.00, 100.00, 100.00, 100.00, 100.00, 100.00, 100.00, 100.00, 100.00, 100.00, 100.00, 100.00, 100.00, 100.00
  60000000,  61000000, 100.00, 100.00, 100.00, 100.00, 100.00, 100.00, 100.00, 100.00, 100.00, 100.00, 100.00, 100.00, 100.00, 100.00, 100.00, 100.00
  61000000,  62000000, 100.00, 100.00, 100.00, 100.00, 100.00, 100.00, 100.00, 100.00, 100.00, 100.00, 100.00, 100.00, 100.00, 100.00, 100.00, 100.00
  62000000,  63000000, 100.00, 100.00, 100.00, 100.00, 100.00, 100.00, 100.00, 100.00, 100.00, 100.00, 100.00, 100.00, 100.00, 100.00, 100.00, 100.00
  63000000,  64000000, 100.00, 100.00, 100.00, 100.00, 100.00, 100.00, 100.00, 100.00, 100.00, 100.00, 100.00, 100.00, 100.00, 100.00, 100.00, 100.00
  64000000,  65000000, 100.00, 100.00, 100.00, 100.00, 100.00, 100.00, 100.00, 100.00, 100.00, 100.00, 100.00, 100.00, 100.00, 100.00, 100.00, 100.00
  65000000,  66000000, 100.00, 100.00, 100.00, 100.00, 100.00, 100.00, 100.00, 100.00, 100.00, 100.00, 100.00, 100.00, 100.00, 100.00, 100.00, 100.00
  66000000,  67000000, 100.00, 100.00, 100.00, 100.00, 100.00, 100.00, 100.00, 100.00, 100.00, 100.00, 100.00, 100.00, 100.00, 100.00, 100.00, 100.00
  67000000,  68000000, 100.00, 100.00, 100.00, 100.00, 100.00, 100.00, 100.00, 100.00, 100.00, 100.00, 100.00, 100.00, 100.00, 100.00, 100.00, 100.00
  68000000,  69000000, 100.00, 100.00, 100.00, 100.00, 100.00, 100.00, 100.00, 100.00, 100.00, 100.00, 100.00, 100.00, 100.00, 100.00, 100.00, 100.00
  69000000,  70000000, 100.00, 100.00, 100.00, 100.00, 100.00, 100.00, 100.00, 100.00, 100.00, 100.00, 100.00, 100.00, 100.00, 100.00, 100.00, 100.00
  70000000,  71000000, 100.00, 100.00, 100.00, 100.00, 100.00, 100.00, 100.00, 100.00, 100.00, 100.00, 100.00, 100.00, 100.00, 100.00, 100.00, 100.00
  71000000,  72000000, 100.00, 100.00, 100.00, 100.00, 100.00, 100.00, 100.00, 100.00, 100.00, 100.00, 100.00, 100.00, 100.00, 100.00, 100.00, 100.00
  72000000,  73000000, 100.00, 100.00, 100.00, 100.00, 100.00, 100.00, 100.00, 100.00, 100.00, 100.00, 100.00, 100.00, 100.00, 100.00, 100.00, 100.00
  73000000,  74000000, 100.00, 100.00, 100.00, 100.00, 100.00, 100.00, 100.00, 100.00, 100.00, 100.00, 100.00, 100.00, 100.00, 100.00, 100.00, 100.00
  74000000,  75000000, 100.00, 100.00, 100.00, 100.00, 100.00, 100.00, 100.00, 100.00, 100.00, 100.00, 100.00, 100.00, 100.00, 100.00, 100.00, 100.00
  75000000,  76000000, 100.00, 100.00, 100.00, 100.00, 100.00, 100.00, 100.00, 100.00, 100.00, 100.00, 100.00, 100.00, 100.00, 100.00, 100.00, 100.00
  76000000,  77000000, 100.00, 100.00, 100.00, 100.00, 100.00, 100.00, 100.00, 100.00, 100.00, 100.00, 100.00, 100.00, 100.00, 100.00, 100.00, 100.00
  77000000,  78000000, 100.00, 100.00, 100.00, 100.00, 100.00, 100.00, 100.00, 100.00, 100.00, 100.00, 100.00, 100.00, 100.00, 100.00, 100.00, 100.00
  78000000,  79000000, 100.00, 100.00, 100.00, 100.00, 100.00, 100.00, 100.00, 100.00, 100.00, 100.00, 100.00, 100.00, 100.00, 100.00, 100.00, 100.00
  79000000,  80000000, 100.00, 100.00, 100.00, 100.00, 100.00, 100.00, 100.00, 100.00, 100.00, 100.00, 100.00, 100.00, 100.00, 100.00, 100.00, 100.00
  80000000,  81000000, 100.00, 100.00, 100.00, 100.00, 100.00, 100.00, 100.00, 100.00, 100.00, 100.00, 100.00, 100.00, 100.00, 100.00, 100.00, 100.00
  81000000,  82000000, 100.00, 100.00, 100.00, 100.00, 100.00, 100.00, 100.00, 100.00, 100.00, 100.00, 100.00, 100.00, 100.00, 100.00, 100.00, 100.00
  82000000,  83000000, 100.00, 100.00, 100.00, 100.00, 100.00, 100.00, 100.00, 100.00, 100.00, 100.00, 100.00, 100.00, 100.00, 100.00, 100.00, 100.00
  83000000,  84000000, 100.00, 100.00, 100.00, 100.00, 100.00, 100.00, 100.00, 100.00, 100.00, 100.00, 100.00, 100.00, 100.00, 100.00, 100.00, 100.00
  84000000,  85000000, 100.00, 100.00, 100.00, 100.00, 100.00, 100.00, 100.00, 100.00, 100.00, 100.00, 100.00, 100.00, 100.00, 100.00, 100.00, 100.00
  85000000,  86000000, 100.00, 100.00, 100.00, 100.00, 100.00, 100.00, 100.00, 100.00, 100.00, 100.00, 100.00, 100.00, 100.00, 100.00, 100.00, 100.00
  86000000,  87000000, 100.00, 100.00, 100.00, 100.00, 100.00, 100.00, 100.00, 100.00, 100.00, 100.00, 100.00, 100.00, 100.00, 100.00, 100.00, 100.00
  87000000,  88000000, 100.00, 100.00, 100.00, 100.00, 100.00, 100.00, 100.00, 100.00, 100.00, 100.00, 100.00, 100.00, 100.00, 100.00, 100.00, 100.00
  88000000,  89000000, 100.00, 100.00, 100.00, 100.00, 100.00, 100.00, 100.00, 100.00, 100.00, 100.00, 100.00, 100.00, 100.00, 100.00, 100.00, 100.00
  89000000,  90000000, 100.00, 100.00, 100.00, 100.00, 100.00, 100.00, 100.00, 100.00, 100.00, 100.00, 100.00, 100.00, 100.00, 100.00, 100.00, 100.00
  90000000,  91000000, 100.00, 100.00, 100.00, 100.00, 100.00, 100.00, 100.00, 100.00, 100.00, 100.00, 100.00, 100.00, 100.00, 100.00, 100.00, 100.00
  91000000,  92000000, 100.00, 100.00, 100.00, 100.00, 100.00, 100.00, 100.00, 100.00, 100.00, 100.00, 100.00, 100.00, 100.00, 100.00, 100.00, 100.00
  92000000,  93000000, 100.00, 100.00, 100.00, 100.00, 100.00, 100.00, 100.00, 100.00, 100.00, 100.00, 100.00, 100.00, 100.00, 100.00, 100.00, 100.00
  93000000,  94000000, 100.00, 100.00, 100.00, 100.00, 100.00, 100.00, 100.00, 100.00, 100.00, 100.00, 100.00, 100.00, 100.00, 100.00, 100.00, 100.00
  94000000,  95000000, 100.00, 100.00, 100.00, 100.00, 100.00, 100.00, 100.00, 100.00, 100.00, 100.00, 100.00, 100.00, 100.00, 100.00, 100.00, 100.00
  95000000,  96000000, 100.00, 100.00, 100.00, 100.00, 100.00, 100.00, 100.00, 100.00, 100.00, 100.00, 100.00, 100.00, 100.00, 100.00, 100.00, 100.00
  96000000,  97000000, 100.00, 100.00, 100.00, 100.00, 100.00, 100.00, 100.00, 100.00, 100.00, 100.00, 100.00, 100.00, 100.00, 100.00, 100.00, 100.00
  97000000,  98000000, 100.00, 100.00, 100.00, 100.00, 100.00, 100.00, 100.00, 100.00, 100.00, 100.00, 100.00, 100.00, 100.00, 100.00, 100.00, 100.00
  98000000,  99000000, 100.00, 100.00, 100.00, 100.00, 100.00, 100.00, 100.00, 100.00, 100.00, 100.00, 100.00, 100.00, 100.00, 100.00, 100.00, 100.00
  99000000, 100000000, 100.00, 100.00, 100.00, 100.00, 100.00, 100.00, 100.00, 100.00, 100.00, 100.00, 100.00, 100.00, 100.00, 100.00, 100.00, 100.00
 100000000, 101000000, 100.00, 100.00, 100.00, 100.00, 100.00, 100.00, 100.00, 100.00, 100.00, 100.00, 100.00, 100.00, 100.00, 100.00, 100.00, 100.00
 101000000, 102000000, 100.00, 100.00, 100.00, 100.00, 100.00, 100.00, 100.00, 100.00, 100.00, 100.00, 100.00, 100.00, 100.00, 100.00, 100.00, 100.00
 102000000, 103000000, 100.00, 100.00, 100.00, 100.00, 100.00, 100.00, 100.00, 100.00, 100.00, 100.00, 100.00, 100.00, 100.00, 100.00, 100.00, 100.00
 103000000, 104000000, 100.00, 100.00, 100.00, 100.00, 100.00, 100.00, 100.00, 100.00, 100.00, 100.00, 100.00, 100.00, 100.00, 100.00, 100.00, 100.00
 104000000, 105000000, 100.00, 100.00, 100.00, 100.00, 100.00, 100.00, 100.00, 100.00, 100.00, 100.00, 100.00, 100.00, 100.00, 100.00, 100.00, 100.00
 105000000, 106000000, 100.00, 100.00, 100.00, 100.00, 100.00, 100.00, 100.00, 100.00, 100.00, 100.00, 100.00, 100.00, 100.00, 100.00, 100.00, 100.00
 106000000, 107000000, 100.00, 100.00, 100.00, 100.00, 100.00, 100.00, 100.00, 100.00, 100.00, 100.00, 100.00, 100.00, 100.00, 100.00, 100.00, 100.00
 107000000, 108000000, 100.00, 100.00, 100.00, 100.00, 100.00, 100.00, 100.00, 100.00, 100.00, 100.00, 100.00, 100.00, 100.00, 100.00, 100.00, 100.00
 108000000, 109000000, 100.00, 100.00, 100.00, 100.00, 100.00, 100.00, 100.00, 100.00, 100.00, 100.00, 100.00, 100.00, 100.00, 100.00, 100.00, 100.00
 109000000, 110000000, 100.00, 100.00, 100.00, 100.00, 100.00, 100.00, 100.00, 100.00, 100.00, 100.00, 100.00, 100.00, 100.00, 100.00, 100.00, 100.00
 110000000, 111000000, 100.00, 100.00, 100.00, 100.00, 100.00, 100.00, 100.00, 100.00, 100.00, 100.00, 100.00, 100.00, 100.00, 100.00, 100.00, 100.00
 111000000, 112000000, 100.00, 100.00, 100.00, 100.00, 100.00, 100.00, 100.00, 100.00, 100.00, 100.00, 100.00, 100.00, 100.00, 100.00, 100.00, 100.00
 112000000, 113000000, 100.00, 100.00, 100.00, 100.00, 100.00, 100.00, 100.00, 100.00, 100.00, 100.00, 100.00, 100.00, 100.00, 100.00, 100.00, 100.00
 113000000, 114000000, 100.00, 100.00, 100.00, 100.00, 100.00, 100.00, 100.00, 100.00, 100.00, 100.00, 100.00, 100.00, 100.00, 100.00, 100.00, 100.00
 114000000, 115000000, 100.00, 100.00, 100.00, 100.00, 100.00, 100.00, 100.00, 100.00, 100.00, 100.00, 100.00, 100.00, 100.00, 100.00, 100.00, 100.00
 115000000, 116000000, 100.00, 100.00, 100.00, 100.00, 100.00, 100.00, 100.00, 100.00, 100.00, 100.00, 100.00, 100.00, 100.00, 100.00, 100.00, 100.00
 116000000, 117000000, 100.00, 100.00, 100.00, 100.00, 100.00, 100.00, 100.00, 100.00, 100.00, 100.00, 100.00, 100.00, 100.00, 100.00, 100.00, 100.00
 117000000, 118000000, 100.00, 100.00, 100.00, 100.00, 100.00, 100.00, 100.00, 100.00, 100.00, 100.00, 100.00, 100.00, 100.00, 100.00, 100.00, 100.00
 118000000, 119000000, 100.00, 100.00, 100.00, 100.00, 100.00, 100.00, 100.00, 100.00, 100.00, 100.00, 100.00, 100.00, 100.00, 100.00, 100.00, 100.00
 119000000, 120000000, 100.00, 100.00, 100.00, 100.00, 100.00, 100.00, 100.00, 100.00, 100.00, 100.00, 100.00, 100.00, 100.00, 100.00, 100.00, 100.00
 120000000, 121000000, 100.00, 100.00, 100.00, 100.00, 100.00, 100.00, 100.00, 100.00, 100.00, 100.00, 100.00, 100.00, 100.00, 100.00, 100.00, 100.00
 121000000, 122000000, 100.00, 100.00, 100.00, 100.00, 100.00, 100.00, 100.00, 100.00, 100.00, 100.00, 100.00, 100.00, 100.00, 100.00, 100.00, 100.00
 122000000, 123000000, 100.00, 100.00, 100.00, 100.00, 100.00, 100.00, 100.00, 100.00, 100.00, 100.00, 100.00, 100.00, 100.00, 100.00, 100.00, 100.00
 123000000, 124000000, 100.00, 100.00, 100.00, 100.00, 100.00, 100.00, 100.00, 100.00, 100.00, 100.00, 100.00, 100.00, 100.00, 100.00, 100.00, 100.00
 124000000, 125000000, 100.00, 100.00, 100.00, 100.00, 100.00, 100.00, 100.00, 100.00, 100.00, 100.00, 100.00, 100.00, 100.00, 100.00, 100.00, 100.00
 125000000, 125852697,  53.31,  51.96,  53.31,  53.27,  53.95,  54.10,  53.59,  50.29,  53.83,  53.98,  53.31,  53.27,  47.02,  47.00,  46.74,  47.01
